	Plasmid	Block_ID	Start	End
pIH290_0.28~pVA1184_286	pIH290_0.28	1	4	282
	pVA1184_286	2	1	114538
	pVA1184_286	-1	114538	114816
	pVA1184_286	3	114816	286941
pIH290_0.28~pVA1393_58	pIH290_0.28	1	1	282
	pVA1393_58	2	1	36422
	pVA1393_58	1	36422	36703
	pVA1393_58	3	36703	58136
pIH290_0.28~pVA1505_61	pIH290_0.28	1	1	282
	pVA1505_61	2	1	38360
	pVA1505_61	-1	38360	38641
	pVA1505_61	3	38641	61210
pIH290_0.28~pVA1565_200	pIH290_0.28	1	4	282
	pVA1565_200	2	1	77539
	pVA1565_200	1	77539	77817
	pVA1565_200	3	77817	200358
pIH290_0.28~pVA1626_57	pIH290_0.28	1	1	282
	pVA1626_57	2	1	34691
	pVA1626_57	-1	34691	34972
	pVA1626_57	3	34972	57541
pIH290_0.28~pVA1686_57	pIH290_0.28	1	1	282
	pVA1686_57	2	1	34691
	pVA1686_57	-1	34691	34972
	pVA1686_57	3	34972	57541
pIH290_0.28~pVA1722_58	pIH290_0.28	1	1	282
	pVA1722_58	2	1	35323
	pVA1722_58	-1	35323	35604
	pVA1722_58	3	35604	58173
pIH290_0.28~pVA1788_21	pIH290_0.28	1	1	282
	pVA1788_21	2	1	6044
	pVA1788_21	1	6044	6325
	pVA1788_21	3	6325	21594
pIH290_0.28~pVA1788_53	pIH290_0.28	1	4	282
	pVA1788_53	2	1	39334
	pVA1788_53	1	39334	39612
	pVA1788_53	3	39612	53729
pIH290_0.28~pVA1825_57	pIH290_0.28	1	1	282
	pVA1825_57	2	1	34691
	pVA1825_57	-1	34691	34972
	pVA1825_57	3	34972	57541
pIH290_0.28~pVA1835_58_B	pIH290_0.28	1	1	282
	pVA1835_58_B	2	1	35286
	pVA1835_58_B	-1	35286	35567
	pVA1835_58_B	3	35567	58136
pIH290_0.28~pVA2589_21	pIH290_0.28	1	1	282
	pVA2589_21	2	1	6038
	pVA2589_21	1	6038	6319
	pVA2589_21	3	6319	21588
pIH290_0.28~pVA2589_86	pIH290_0.28	1	4	282
	pVA2589_86	2	1	25216
	pVA2589_86	1	25216	25494
	pVA2589_86	3	25494	86194
pIH290_0.28~pVA2682_199	pIH290_0.28	1	4	282
	pVA2682_199	2	1	71864
	pVA2682_199	-1	71864	72142
	pVA2682_199	3	72142	199029
pIH290_0.28~pVA2682_52	pIH290_0.28	1	1	282
	pVA2682_52	2	1	35658
	pVA2682_52	-1	35658	35939
	pVA2682_52	3	35939	52814
pIH290_0.28~pVA3495_43	pIH290_0.28	1	1	282
	pVA3495_43	2	1	29734
	pVA3495_43	-1	29734	30015
	pVA3495_43	3	30015	43652
pIH290_0.28~pVA436_52	pIH290_0.28	1	1	282
	pVA436_52	2	1	29820
	pVA436_52	-1	29820	30101
	pVA436_52	3	30101	52670
pIH290_0.28~pVA524_58	pIH290_0.28	1	1	282
	pVA524_58	2	1	35283
	pVA524_58	-1	35283	35564
	pVA524_58	3	35564	58133
pIH290_0.28~pVA527_58	pIH290_0.28	1	1	282
	pVA527_58	2	1	35287
	pVA527_58	-1	35287	35568
	pVA527_58	3	35568	58137
pIH290_0.28~pVA528_281	pIH290_0.28	1	4	282
	pVA528_281	2	1	114538
	pVA528_281	-1	114538	114816
	pVA528_281	3	114816	281446
pIH290_0.28~pVA528_44	pIH290_0.28	1	1	282
	pVA528_44	2	1	21578
	pVA528_44	-1	21578	21859
	pVA528_44	3	21859	44428
pIH290_0.28~pVA544_51	pIH290_0.28	1	4	282
	pVA544_51	2	1	33811
	pVA544_51	1	33811	34089
	pVA544_51	3	34089	51775
pIH290_0.28~pVA569_107	pIH290_0.28	1	1	282
	pVA569_107	2	1	16057
	pVA569_107	1	16057	16338
	pVA569_107	3	16338	107281
pIH290_0.28~pVA585_53	pIH290_0.28	1	1	282
	pVA585_53	2	1	30589
	pVA585_53	-1	30589	30870
	pVA585_53	3	30870	53437
pIH290_0.28~pVA605_296	pIH290_0.28	1	4	282
	pVA605_296	2	1	58761
	pVA605_296	1	58761	59039
	pVA605_296	3	59039	296877
pIH290_0.28~pVA61_57	pIH290_0.28	1	1	282
	pVA61_57	2	1	34691
	pVA61_57	-1	34691	34972
	pVA61_57	3	34972	57541
pIH290_0.28~pVA634_75	pIH290_0.28	1	1	282
	pVA634_75	2	1	3764
	pVA634_75	-1	3764	4045
	pVA634_75	3	4045	75585
pIH290_0.28~pVA692_270	pIH290_0.28	1	4	282
	pVA692_270	2	1	114538
	pVA692_270	-1	114538	114816
	pVA692_270	3	114816	270548
pIH290_0.28~pVA754_57	pIH290_0.28	1	1	282
	pVA754_57	2	1	34504
	pVA754_57	-1	34504	34785
	pVA754_57	3	34785	57354
pIH290_0.28~pVA765_275	pIH290_0.28	1	4	282
	pVA765_275	2	1	108423
	pVA765_275	-1	108423	108701
	pVA765_275	3	108701	275025
pIH290_0.28~pVA767_57	pIH290_0.28	1	1	282
	pVA767_57	2	1	34282
	pVA767_57	-1	34282	34563
	pVA767_57	3	34563	57132
pIH290_0.28~pVA791_270	pIH290_0.28	1	4	282
	pVA791_270	2	1	114538
	pVA791_270	-1	114538	114816
	pVA791_270	3	114816	270546
pIH290_0.28~pVA791_57	pIH290_0.28	1	1	282
	pVA791_57	2	1	34282
	pVA791_57	-1	34282	34563
	pVA791_57	3	34563	57132
pIH290_0.3~pIH290_84	pIH290_0.3	1	1	303
	pIH290_84	2	1	8035
	pIH290_84	-1	8035	8337
	pIH290_84	3	8337	84302
pIH290_0.3~pIH359_178	pIH290_0.3	1	1	303
	pIH359_178	2	1	69519
	pIH359_178	-1	69519	69821
	pIH359_178	3	69821	178473
pIH290_0.3~pIH359_51	pIH290_0.3	1	1	303
	pIH359_51	2	1	34677
	pIH359_51	1	34677	34979
	pIH359_51	3	34979	51775
pIH290_0.3~pReSeq_VA61_41	pIH290_0.3	1	1	303
	pReSeq_VA61_41	2	1	20583
	pReSeq_VA61_41	1	20583	20885
	pReSeq_VA61_41	3	20885	41302
pIH290_0.3~pVA1046_199	pIH290_0.3	1	1	303
	pVA1046_199	2	1	77079
	pVA1046_199	1	77079	77381
	pVA1046_199	3	77381	199032
pIH290_0.3~pVA1184_286	pIH290_0.3	1	1	303
	pVA1184_286	2	1	113648
	pVA1184_286	-1	113648	113950
	pVA1184_286	3	113950	286941
pIH290_0.3~pVA1393_58	pIH290_0.3	1	1	303
	pVA1393_58	2	1	36990
	pVA1393_58	1	36990	37292
	pVA1393_58	3	37292	58136
pIH290_0.3~pVA1505_61	pIH290_0.3	1	1	303
	pVA1505_61	2	1	37771
	pVA1505_61	-1	37771	38073
	pVA1505_61	3	38073	61210
pIH290_0.3~pVA1565_200	pIH290_0.3	1	1	303
	pVA1565_200	2	1	78405
	pVA1565_200	1	78405	78707
	pVA1565_200	3	78707	200358
pIH290_0.3~pVA1626_57	pIH290_0.3	1	1	303
	pVA1626_57	2	1	34102
	pVA1626_57	-1	34102	34404
	pVA1626_57	3	34404	57541
pIH290_0.3~pVA1626_87	pIH290_0.3	1	1	303
	pVA1626_87	2	1	2223
	pVA1626_87	-1	2223	2525
	pVA1626_87	3	2525	87759
pIH290_0.3~pVA1686_57	pIH290_0.3	1	1	303
	pVA1686_57	2	1	34102
	pVA1686_57	-1	34102	34404
	pVA1686_57	3	34404	57541
pIH290_0.3~pVA1722_58	pIH290_0.3	1	1	303
	pVA1722_58	2	1	34734
	pVA1722_58	-1	34734	35036
	pVA1722_58	3	35036	58173
