	Plasmid	Block_ID	Start	End
pIH290_7~pReSeq_VA61_41	pIH290_7	1	1	3475
	pIH290_7	3	3475	5626
	pIH290_7	2	5626	7701
	pReSeq_VA61_41	4	1	16541
	pReSeq_VA61_41	-1	16541	20015
	pReSeq_VA61_41	5	20015	21122
	pReSeq_VA61_41	-2	21122	23197
	pReSeq_VA61_41	6	23197	41302
pIH290_7~pVA1393_58	pIH290_7	1	1	3475
	pIH290_7	4	3475	5626
	pIH290_7	2	5626	5870
	pIH290_7	3	5891	7701
	pVA1393_58	5	1	32385
	pVA1393_58	2	32385	32629
	pVA1393_58	6	32629	32948
	pVA1393_58	-1	32948	36422
	pVA1393_58	7	36422	37529
	pVA1393_58	-3	37529	39339
	pVA1393_58	8	39339	58136
pIH290_7~pVA1505_61	pIH290_7	1	1	3475
	pIH290_7	4	3475	5626
	pIH290_7	2	5626	6139
	pIH290_7	3	6144	7701
	pVA1505_61	5	1	31790
	pVA1505_61	2	31790	32303
	pVA1505_61	6	32303	35977
	pVA1505_61	3	35977	37534
	pVA1505_61	7	37534	38641
	pVA1505_61	1	38641	42115
	pVA1505_61	8	42115	61210
pIH290_7~pVA1626_57	pIH290_7	1	1	3475
	pIH290_7	3	3475	5626
	pIH290_7	2	5626	7701
	pVA1626_57	4	1	31790
	pVA1626_57	2	31790	33865
	pVA1626_57	5	33865	34972
	pVA1626_57	1	34972	38446
	pVA1626_57	6	38446	57541
pIH290_7~pVA1686_2	pIH290_7	2	1	3914
	pIH290_7	1	3914	5301
	pIH290_7	3	5301	7701
	pVA1686_2	4	1	653
	pVA1686_2	1	653	2179
	pVA1686_2	5	2179	2747
pIH290_7~pVA1686_57	pIH290_7	1	1	3475
	pIH290_7	3	3475	5626
	pIH290_7	2	5626	7701
	pVA1686_57	4	1	31790
	pVA1686_57	2	31790	33865
	pVA1686_57	5	33865	34972
	pVA1686_57	1	34972	38446
	pVA1686_57	6	38446	57541
pIH290_7~pVA1722_58	pIH290_7	1	1	3475
	pIH290_7	3	3475	5626
	pIH290_7	2	5626	7701
	pVA1722_58	4	1	32422
	pVA1722_58	2	32422	34497
	pVA1722_58	5	34497	35604
	pVA1722_58	1	35604	39078
	pVA1722_58	6	39078	58173
pIH290_7~pVA1825_2	pIH290_7	2	1	3914
	pIH290_7	1	3914	5301
	pIH290_7	3	5301	7701
	pVA1825_2	1	146	1672
	pVA1825_2	4	1672	2747
pIH290_7~pVA1825_57	pIH290_7	1	1	3475
	pIH290_7	3	3475	5626
	pIH290_7	2	5626	7701
	pVA1825_57	4	1	31790
	pVA1825_57	2	31790	33865
	pVA1825_57	5	33865	34972
	pVA1825_57	1	34972	38446
	pVA1825_57	6	38446	57541
pIH290_7~pVA1835_58_B	pIH290_7	1	1	3475
	pIH290_7	3	3475	5626
	pIH290_7	2	5626	7701
	pVA1835_58_B	4	1	32385
	pVA1835_58_B	2	32385	34460
	pVA1835_58_B	5	34460	35567
	pVA1835_58_B	1	35567	39041
	pVA1835_58_B	6	39041	58136
pIH290_7~pVA2682_52	pIH290_7	1	1	3471
	pIH290_7	3	3471	5630
	pIH290_7	2	5630	7701
	pVA2682_52	4	1	32761
	pVA2682_52	2	32761	34832
	pVA2682_52	5	34832	35939
	pVA2682_52	1	35939	39409
	pVA2682_52	6	39409	52814
pIH290_7~pVA436_1	pIH290_7	3	1	3652
	pIH290_7	1	3652	4595
	pIH290_7	4	4595	5248
	pIH290_7	2	5248	5514
	pIH290_7	5	5514	7701
	pVA436_1	1	149	1093
	pVA436_1	6	1093	1505
	pVA436_1	2	1505	1776
pIH290_7~pVA436_52	pIH290_7	1	1	3475
	pIH290_7	3	3475	5626
	pIH290_7	2	5626	7701
	pVA436_52	4	1	26919
	pVA436_52	2	26919	28994
	pVA436_52	5	28994	30101
	pVA436_52	1	30101	33575
	pVA436_52	6	33575	52670
pIH290_7~pVA524_58	pIH290_7	1	1	3475
	pIH290_7	3	3475	5626
	pIH290_7	2	5626	7701
	pVA524_58	4	1	32382
	pVA524_58	2	32382	34457
	pVA524_58	5	34457	35564
	pVA524_58	1	35564	39038
	pVA524_58	6	39038	58133
pIH290_7~pVA527_58	pIH290_7	1	1	3475
	pIH290_7	3	3475	5626
	pIH290_7	2	5626	7701
	pVA527_58	4	1	32386
	pVA527_58	2	32386	34461
	pVA527_58	5	34461	35568
	pVA527_58	1	35568	39042
	pVA527_58	6	39042	58137
pIH290_7~pVA528_44	pIH290_7	1	1	3475
	pIH290_7	3	3475	5626
	pIH290_7	2	5626	7701
	pVA528_44	4	1	18677
	pVA528_44	2	18677	20752
	pVA528_44	5	20752	21859
	pVA528_44	1	21859	25333
	pVA528_44	6	25333	44428
pIH290_7~pVA544_8	pIH290_7	1	1	7701
	pVA544_8	2	1	669
	pVA544_8	-1	669	8369
pIH290_7~pVA585_53	pIH290_7	1	1	3475
	pIH290_7	3	3475	5626
	pIH290_7	2	5626	7701
	pVA585_53	4	1	27688
	pVA585_53	2	27688	29763
	pVA585_53	5	29763	30870
	pVA585_53	1	30870	34344
	pVA585_53	6	34344	53437
pIH290_7~pVA61_57	pIH290_7	1	1	3475
	pIH290_7	3	3475	5626
	pIH290_7	2	5626	7701
	pVA61_57	4	1	31790
	pVA61_57	2	31790	33865
	pVA61_57	5	33865	34972
	pVA61_57	1	34972	38446
	pVA61_57	6	38446	57541
pIH290_7~pVA634_2	pIH290_7	3	1	3477
	pIH290_7	1	3477	3830
	pIH290_7	2	3830	5625
	pIH290_7	4	5625	7701
	pVA634_2	2	1	1796
	pVA634_2	1	1803	2156
pIH290_7~pVA754_57	pIH290_7	1	1	3475
	pIH290_7	3	3475	5626
	pIH290_7	2	5626	7701
	pVA754_57	4	1	31603
	pVA754_57	2	31603	33678
	pVA754_57	5	33678	34785
	pVA754_57	1	34785	38259
	pVA754_57	6	38259	57354
pIH290_7~pVA767_57	pIH290_7	1	1	3475
	pIH290_7	3	3475	5626
	pIH290_7	2	5626	7701
	pVA767_57	4	1	31381
	pVA767_57	2	31381	33456
	pVA767_57	5	33456	34563
	pVA767_57	1	34563	38037
	pVA767_57	6	38037	57132
pIH290_7~pVA791_57	pIH290_7	1	1	3475
	pIH290_7	3	3475	5626
	pIH290_7	2	5626	7701
	pVA791_57	4	1	31381
	pVA791_57	2	31381	33456
	pVA791_57	5	33456	34563
	pVA791_57	1	34563	38037
	pVA791_57	6	38037	57132
