	Plasmid	Block_ID	Start	End
pVA527_214~pVA754_184	pVA527_214	1	1	2500
	pVA527_214	31	2500	3832
	pVA527_214	2	3832	4788
	pVA527_214	32	4788	8552
	pVA527_214	3	8552	32534
	pVA527_214	4	32538	55841
	pVA527_214	33	55841	57817
	pVA527_214	5	57817	67078
	pVA527_214	34	67078	78392
	pVA527_214	6	78392	79453
	pVA527_214	35	79453	106970
	pVA527_214	7	106970	108088
	pVA527_214	36	108088	119966
	pVA527_214	8	119966	120919
	pVA527_214	37	120919	126662
	pVA527_214	9	126662	127403
	pVA527_214	38	127403	127745
	pVA527_214	10	127745	128093
	pVA527_214	39	128093	131277
	pVA527_214	11	131277	132099
	pVA527_214	12	132181	133506
	pVA527_214	40	133506	139029
	pVA527_214	-11	139029	139851
	pVA527_214	13	139851	141910
	pVA527_214	14	141910	142173
	pVA527_214	15	142173	142731
	pVA527_214	41	142731	147057
	pVA527_214	14	147057	147320
	pVA527_214	42	147320	149693
	pVA527_214	16	149693	150004
	pVA527_214	43	150004	150433
	pVA527_214	17	150433	151126
	pVA527_214	44	151126	153542
	pVA527_214	18	153542	159658
	pVA527_214	45	159658	159992
	pVA527_214	19	159992	162692
	pVA527_214	46	162692	163358
	pVA527_214	20	163358	164552
	pVA527_214	47	164552	165307
	pVA527_214	21	165307	169353
	pVA527_214	48	169353	169915
	pVA527_214	22	169915	171799
	pVA527_214	49	171799	172131
	pVA527_214	23	172131	174878
	pVA527_214	50	174878	175268
	pVA527_214	24	175268	176173
	pVA527_214	51	176173	176690
	pVA527_214	25	176690	180848
	pVA527_214	52	180848	181263
	pVA527_214	26	181263	187743
	pVA527_214	53	187743	189730
	pVA527_214	27	189730	192364
	pVA527_214	28	191583	199807
	pVA527_214	54	199807	201139
	pVA527_214	29	201139	203131
	pVA527_214	55	203131	210805
	pVA527_214	30	210805	214239
	pVA754_184	1	1	2499
	pVA754_184	2	2507	3463
	pVA754_184	58	3463	4659
	pVA754_184	3	4659	28635
	pVA754_184	59	28635	29839
	pVA754_184	4	29839	53142
	pVA754_184	60	53142	55031
	pVA754_184	5	55031	64283
	pVA754_184	61	64283	73794
	pVA754_184	9	73794	74535
	pVA754_184	62	74535	75568
	pVA754_184	11	75568	76390
	pVA754_184	63	76390	87134
	pVA754_184	-11	87134	87956
	pVA754_184	64	87956	92484
	pVA754_184	-13	92484	94543
	pVA754_184	11	94543	95365
	pVA754_184	65	95365	100970
	pVA754_184	-15	100970	101528
	pVA754_184	-14	101528	101791
	pVA754_184	12	101922	103247
	pVA754_184	7	103340	104458
	pVA754_184	8	104458	105412
	pVA754_184	66	105412	112605
	pVA754_184	-10	112605	112953
	pVA754_184	67	112953	114221
	pVA754_184	16	114221	114537
	pVA754_184	68	114537	115160
	pVA754_184	17	115160	115854
	pVA754_184	69	115854	120054
	pVA754_184	18	120054	126172
	pVA754_184	70	126172	126506
	pVA754_184	19	126506	129206
	pVA754_184	20	129223	130417
	pVA754_184	71	130417	131057
	pVA754_184	21	131057	135102
	pVA754_184	72	135102	135611
	pVA754_184	22	135611	137495
	pVA754_184	73	137495	137798
	pVA754_184	23	137798	140534
	pVA754_184	24	140652	141557
	pVA754_184	25	141646	145804
	pVA754_184	74	145804	146075
	pVA754_184	26	146075	152547
	pVA754_184	75	152547	154102
	pVA754_184	-6	154102	155162
	pVA754_184	76	155162	155716
	pVA754_184	27	155716	158351
	pVA754_184	77	158351	168722
	pVA754_184	28	168722	176921
	pVA754_184	29	176929	178921
	pVA754_184	78	178921	180842
	pVA754_184	30	180842	184491
pVA527_214~pVA765_0.7	pVA527_214	2	1	141968
	pVA527_214	1	141968	142672
	pVA527_214	3	142672	214239
	pVA765_0.7	-1	1	705
pVA527_214~pVA765_1_A	pVA527_214	2	1	100589
	pVA527_214	1	100589	101942
	pVA527_214	3	101942	133562
	pVA527_214	-1	133562	134915
	pVA527_214	4	134915	214239
	pVA765_1_A	1	162	1515
	pVA765_1_A	6	1515	1775
pVA527_214~pVA767_225	pVA527_214	1	1	2500
	pVA527_214	26	2500	3832
	pVA527_214	2	3832	39557
	pVA527_214	27	39557	53852
	pVA527_214	3	53852	55832
	pVA527_214	28	55832	57852
	pVA527_214	4	57852	59062
	pVA527_214	29	59062	79604
	pVA527_214	5	79604	80973
	pVA527_214	30	80973	99648
	pVA527_214	6	99648	100285
	pVA527_214	31	100285	100575
	pVA527_214	7	100575	101951
	pVA527_214	8	100577	101953
	pVA527_214	32	101953	102255
	pVA527_214	9	102255	108092
	pVA527_214	33	108092	127398
	pVA527_214	10	127398	129273
	pVA527_214	11	129281	130071
	pVA527_214	34	130071	131279
	pVA527_214	12	131279	132099
	pVA527_214	13	132100	134915
	pVA527_214	35	134915	139029
	pVA527_214	-12	139029	139849
	pVA527_214	36	139849	141910
	pVA527_214	14	141910	147320
	pVA527_214	37	147320	148140
	pVA527_214	15	148140	170678
	pVA527_214	16	170698	171788
	pVA527_214	38	171788	172378
	pVA527_214	17	172378	174878
	pVA527_214	39	174878	175268
	pVA527_214	18	175268	176176
	pVA527_214	40	176176	176690
	pVA527_214	19	176690	180845
	pVA527_214	41	180845	181263
	pVA527_214	20	181263	184093
	pVA527_214	21	184085	187749
	pVA527_214	42	187749	191928
	pVA527_214	22	191928	192180
	pVA527_214	43	192180	194965
	pVA527_214	23	194965	196287
	pVA527_214	44	196287	196969
	pVA527_214	24	196969	197393
	pVA527_214	45	197393	209108
	pVA527_214	25	209108	214239
	pVA767_225	1	1	2500
	pVA767_225	2	2508	38164
	pVA767_225	3	38296	40273
	pVA767_225	47	40273	46095
	pVA767_225	-4	46095	47315
	pVA767_225	48	47315	49686
	pVA767_225	9	49686	55523
	pVA767_225	49	55523	73650
	pVA767_225	-20	73650	76460
	pVA767_225	50	76460	76733
	pVA767_225	-19	76733	80888
	pVA767_225	-18	80974	81882
	pVA767_225	-17	82000	84500
	pVA767_225	51	84500	85107
	pVA767_225	-16	85107	86197
	pVA767_225	52	86197	86661
	pVA767_225	-15	86661	109200
	pVA767_225	10	109212	111090
	pVA767_225	14	111098	116508
	pVA767_225	53	116508	123659
	pVA767_225	-5	123659	125027
	pVA767_225	54	125027	126792
	pVA767_225	8	126792	128168
	pVA767_225	55	128168	142111
	pVA767_225	12	142111	142931
	pVA767_225	-11	143019	143809
	pVA767_225	-12	143817	144637
	pVA767_225	56	144637	151232
	pVA767_225	-6	151232	151867
	pVA767_225	57	151867	162032
	pVA767_225	-24	162032	162458
	pVA767_225	58	162458	163886
	pVA767_225	-23	163886	165152
	pVA767_225	59	165152	192408
	pVA767_225	-22	192408	192662
	pVA767_225	60	192662	198681
	pVA767_225	-21	198681	202345
	pVA767_225	61	202345	210430
	pVA767_225	-7	210430	211806
	pVA767_225	62	211806	215403
	pVA767_225	13	215403	218218
	pVA767_225	63	218218	220027
	pVA767_225	25	220027	225072
pVA527_3~pVA754_4	pVA527_3	3	1	519
	pVA527_3	1	519	765
	pVA527_3	2	765	2543
	pVA527_3	4	2543	3889
	pVA754_4	2	1	1779
	pVA754_4	5	1779	4265
	pVA754_4	1	4265	4511
pVA527_45~pVA605_91	pVA527_45	1	1	4360
	pVA527_45	2	4559	5446
	pVA527_45	3	5446	45074
	pVA605_91	-2	1	888
	pVA605_91	4	888	6534
	pVA605_91	-2	6534	47049
	pVA605_91	-1	47053	51412
	pVA605_91	5	51412	91033
pVA527_45~pVA634_54	pVA527_45	1	1	4360
	pVA527_45	2	4360	5478
	pVA527_45	3	5483	42318
	pVA527_45	4	42318	45074
	pVA634_54	-3	1	36836
	pVA634_54	5	36836	45651
	pVA634_54	-2	45651	46769
	pVA634_54	6	46769	47857
	pVA634_54	-1	47857	52216
	pVA634_54	-4	52216	54972
pVA527_45~pVA692_45	pVA527_45	1	1	5625
	pVA527_45	2	5625	45074
	pVA692_45	2	1	39450
	pVA692_45	1	39450	45074
pVA527_45~pVA765_0.7	pVA527_45	2	1	44309
	pVA527_45	1	44309	45013
	pVA765_0.7	1	1	705
pVA527_45~pVA765_45	pVA527_45	1	1	44250
	pVA527_45	2	44250	45074
	pVA765_45	-1	1	44250
	pVA765_45	-2	44250	45074
pVA527_45~pVA767_46	pVA527_45	1	1	4360
	pVA527_45	2	4360	45074
	pVA767_46	3	1	1089
	pVA767_46	2	1089	41803
	pVA767_46	1	41803	46162
pVA527_58~pVA528_44	pVA527_58	1	1	768
	pVA527_58	2	768	1164
	pVA527_58	2	1289	1686
	pVA527_58	3	1686	3247
	pVA527_58	5	3247	16371
	pVA527_58	4	16371	58137
	pVA528_44	1	1	768
	pVA528_44	2	768	1164
	pVA528_44	3	1164	2651
	pVA528_44	4	2659	44428
pVA527_58~pVA544_3	pVA527_58	2	1	35129
	pVA527_58	1	35129	35463
	pVA527_58	3	35463	58137
	pVA544_3	1	1	335
pVA527_58~pVA544_8	pVA527_58	3	1	32386
	pVA527_58	1	32386	35129
	pVA527_58	4	35129	35463
	pVA527_58	2	35463	39042
	pVA527_58	5	39042	58137
	pVA544_8	-1	1	2744
	pVA544_8	6	2744	4895
	pVA544_8	-2	4895	8474
pVA527_58~pVA585_53	pVA527_58	1	1	768
	pVA527_58	2	768	1158
	pVA527_58	6	1158	1662
	pVA527_58	2	1662	2124
	pVA527_58	3	2124	4607
	pVA527_58	7	4607	7569
	pVA527_58	4	7569	8816
	pVA527_58	8	8816	13034
	pVA527_58	4	13034	14282
	pVA527_58	5	14282	58137
	pVA585_53	1	1	768
	pVA585_53	2	768	1156
	pVA585_53	3	1156	3639
	pVA585_53	11	3639	8337
	pVA585_53	4	8337	9584
	pVA585_53	5	9584	53437
pVA527_58~pVA61_57	pVA527_58	1	1	768
	pVA527_58	2	915	1364
	pVA527_58	2	1511	1921
	pVA527_58	3	2068	58137
	pVA61_57	1	1	768
	pVA61_57	2	915	1325
	pVA61_57	3	1472	57541
