	Plasmid	Block_ID	Start	End
pReSeq_VA61_4~pVA524_58	pReSeq_VA61_4	1	1	4225
	pVA524_58	2	1	8810
	pVA524_58	1	8810	13034
	pVA524_58	3	13034	58133
pReSeq_VA61_4~pVA527_58	pReSeq_VA61_4	1	1	4225
	pVA527_58	2	1	8814
	pVA527_58	1	8814	13038
	pVA527_58	3	13038	58137
pReSeq_VA61_4~pVA528_281	pReSeq_VA61_4	1	1	2157
	pReSeq_VA61_4	2	2157	4225
	pVA528_281	3	1	126826
	pVA528_281	1	126826	128982
	pVA528_281	4	128982	281446
pReSeq_VA61_4~pVA544_51	pReSeq_VA61_4	1	1	2157
	pReSeq_VA61_4	2	2157	4225
	pVA544_51	3	1	41512
	pVA544_51	-1	41512	43668
	pVA544_51	4	43668	51775
pReSeq_VA61_4~pVA569_47	pReSeq_VA61_4	1	1	2157
	pReSeq_VA61_4	2	2157	4225
	pVA569_47	3	1	37301
	pVA569_47	-1	37301	39457
	pVA569_47	4	39457	47564
pReSeq_VA61_4~pVA605_296	pReSeq_VA61_4	1	1	2157
	pReSeq_VA61_4	2	2157	4225
	pVA605_296	3	1	11973
	pVA605_296	1	11973	14129
	pVA605_296	4	14129	296877
pReSeq_VA61_4~pVA61_57	pReSeq_VA61_4	1	1	4225
	pVA61_57	2	1	8218
	pVA61_57	1	8218	12442
	pVA61_57	3	12442	57541
pReSeq_VA61_4~pVA634_102	pReSeq_VA61_4	1	1	2158
	pReSeq_VA61_4	2	2158	4225
	pVA634_102	3	1	26391
	pVA634_102	1	26391	28548
	pVA634_102	4	28548	102500
pReSeq_VA61_4~pVA634_271	pReSeq_VA61_4	1	1	2157
	pReSeq_VA61_4	2	2157	4225
	pVA634_271	3	1	104990
	pVA634_271	1	104990	107146
	pVA634_271	4	107146	271857
pReSeq_VA61_4~pVA692_270	pReSeq_VA61_4	1	1	2158
	pReSeq_VA61_4	2	2158	4225
	pVA692_270	3	1	126826
	pVA692_270	1	126826	128983
	pVA692_270	4	128983	270548
pReSeq_VA61_4~pVA754_57	pReSeq_VA61_4	1	1	4225
	pVA754_57	2	1	8031
	pVA754_57	1	8031	12255
	pVA754_57	3	12255	57354
pReSeq_VA61_4~pVA765_275	pReSeq_VA61_4	1	1	2157
	pReSeq_VA61_4	2	2157	4225
	pVA765_275	3	1	140768
	pVA765_275	1	140768	142924
	pVA765_275	4	142924	275025
pReSeq_VA61_4~pVA765_4_B	pReSeq_VA61_4	1	3	2157
	pReSeq_VA61_4	2	2157	4225
	pVA765_4_B	3	1	2070
	pVA765_4_B	-1	2070	4224
pReSeq_VA61_4~pVA767_57	pReSeq_VA61_4	1	1	4225
	pVA767_57	2	1	7809
	pVA767_57	1	7809	12033
	pVA767_57	3	12033	57132
pReSeq_VA61_4~pVA791_270	pReSeq_VA61_4	1	1	2157
	pReSeq_VA61_4	2	2157	4225
	pVA791_270	3	1	126826
	pVA791_270	1	126826	128982
	pVA791_270	4	128982	270546
pReSeq_VA61_4~pVA791_57	pReSeq_VA61_4	1	1	4225
	pVA791_57	2	1	7809
	pVA791_57	1	7809	12033
	pVA791_57	3	12033	57132
pVA1046_199~pVA1565_200	pVA1046_199	1	1	58961
	pVA1046_199	2	58969	199032
	pVA1565_200	1	1	58961
	pVA1565_200	3	58961	60293
	pVA1565_200	2	60293	200358
pVA1046_199~pVA1788_53	pVA1046_199	14	1	57700
	pVA1046_199	1	57700	58048
	pVA1046_199	15	58048	60988
	pVA1046_199	2	60988	61190
	pVA1046_199	16	61190	66684
	pVA1046_199	3	66684	68439
	pVA1046_199	17	68439	69112
	pVA1046_199	4	69112	69933
	pVA1046_199	5	69932	72583
	pVA1046_199	18	72583	73156
	pVA1046_199	2	73156	73358
	pVA1046_199	6	73365	74834
	pVA1046_199	7	74842	75662
	pVA1046_199	8	75663	77691
	pVA1046_199	9	77691	79882
	pVA1046_199	19	79882	81844
	pVA1046_199	10	81844	83301
	pVA1046_199	11	83310	87136
	pVA1046_199	20	87136	92608
	pVA1046_199	12	92608	100524
	pVA1046_199	7	100524	101344
	pVA1046_199	21	101344	109450
	pVA1046_199	13	109450	111509
	pVA1046_199	22	111509	199032
	pVA1788_53	12	1	8009
	pVA1788_53	7	8009	8829
	pVA1788_53	-3	8830	10585
	pVA1788_53	25	10585	11343
	pVA1788_53	-1	11343	11691
	pVA1788_53	26	11691	12070
	pVA1788_53	2	12070	12272
	pVA1788_53	27	12272	22217
	pVA1788_53	-7	22217	23037
	pVA1788_53	28	23037	24637
	pVA1788_53	5	24637	27288
	pVA1788_53	6	27296	28765
	pVA1788_53	-9	28773	30964
	pVA1788_53	29	30964	32649
	pVA1788_53	-4	32649	33470
	pVA1788_53	13	33472	35531
	pVA1788_53	30	35531	38784
	pVA1788_53	8	38784	40812
	pVA1788_53	-10	40812	42269
	pVA1788_53	31	42269	49903
	pVA1788_53	11	49903	53729
pVA1046_199~pVA2464_160	pVA1046_199	1	1	3536
	pVA1046_199	13	3536	3761
	pVA1046_199	2	3761	50862
	pVA1046_199	14	50862	51119
	pVA1046_199	3	51119	52847
	pVA1046_199	15	52847	56532
	pVA1046_199	4	56532	57361
	pVA1046_199	16	57361	57695
	pVA1046_199	5	57695	58055
	pVA1046_199	17	58055	65864
	pVA1046_199	6	65864	66684
	pVA1046_199	18	66684	69112
	pVA1046_199	7	69112	69934
	pVA1046_199	19	69934	72589
	pVA1046_199	8	72589	73357
	pVA1046_199	20	73357	86316
	pVA1046_199	-6	86316	87136
	pVA1046_199	21	87136	111508
	pVA1046_199	9	111508	115389
	pVA1046_199	22	115389	160118
	pVA1046_199	10	160118	167187
	pVA1046_199	23	167187	176957
	pVA1046_199	11	176957	188010
	pVA1046_199	24	188010	195655
	pVA1046_199	12	195655	199032
	pVA2464_160	1	1	3535
	pVA2464_160	26	3535	4355
	pVA2464_160	-9	4355	8236
	pVA2464_160	5	8426	8786
	pVA2464_160	27	8786	47412
	pVA2464_160	-8	47412	48182
	pVA2464_160	28	48182	52403
	pVA2464_160	6	52403	53223
	pVA2464_160	29	53223	61219
	pVA2464_160	4	61219	62048
	pVA2464_160	30	62048	65566
	pVA2464_160	7	65566	66388
	pVA2464_160	31	66388	86642
	pVA2464_160	-3	86642	88370
	pVA2464_160	32	88370	88642
	pVA2464_160	-2	88642	135743
	pVA2464_160	33	135743	136511
	pVA2464_160	10	136511	143585
	pVA2464_160	11	143585	154611
	pVA2464_160	34	154611	156761
	pVA2464_160	12	156761	160181
pVA1046_199~pVA2464_7	pVA1046_199	2	1	93113
	pVA1046_199	1	93113	96777
	pVA1046_199	3	96777	199032
	pVA2464_7	4	1	3079
	pVA2464_7	1	3079	6743
	pVA2464_7	5	6743	7219
pVA1046_199~pVA2682_199	pVA1046_199	1	1	53454
	pVA1046_199	2	53462	58048
	pVA1046_199	14	58048	66684
	pVA1046_199	3	66684	72583
	pVA1046_199	15	72583	73365
	pVA1046_199	4	73365	74834
	pVA1046_199	16	74834	75662
	pVA1046_199	5	75662	79882
	pVA1046_199	6	79883	83310
	pVA1046_199	7	83310	84130
	pVA1046_199	8	84130	86316
	pVA1046_199	-7	86316	87136
	pVA1046_199	9	87136	116195
	pVA1046_199	10	116190	169006
	pVA1046_199	17	169006	169897
	pVA1046_199	11	169897	186017
	pVA1046_199	12	186009	195655
	pVA1046_199	18	195655	196055
	pVA1046_199	13	196055	199032
	pVA2682_199	1	1	53454
	pVA2682_199	20	53454	55745
	pVA2682_199	2	55745	60331
	pVA2682_199	21	60331	61089
	pVA2682_199	3	61089	66988
	pVA2682_199	4	66996	68465
	pVA2682_199	-5	68473	72693
	pVA2682_199	22	72693	77998
	pVA2682_199	6	77998	81426
	pVA2682_199	7	81426	82246
	pVA2682_199	-8	82246	84432
	pVA2682_199	-7	84432	85252
	pVA2682_199	9	85252	114311
	pVA2682_199	23	114311	115967
	pVA2682_199	10	115967	168783
	pVA2682_199	11	168785	184905
	pVA2682_199	24	184905	186221
	pVA2682_199	12	186221	195867
	pVA2682_199	13	196052	199029
pVA1046_199~pVA2817_210	pVA1046_199	1	1	50862
	pVA1046_199	21	50862	51119
	pVA1046_199	2	51119	52847
	pVA1046_199	22	52847	56532
	pVA1046_199	3	56532	57361
	pVA1046_199	23	57361	57695
	pVA1046_199	4	57695	58055
	pVA1046_199	24	58055	65864
	pVA1046_199	5	65864	66684
	pVA1046_199	25	66684	69112
	pVA1046_199	6	69112	69934
	pVA1046_199	26	69934	71407
	pVA1046_199	7	71407	72591
	pVA1046_199	8	72589	73357
	pVA1046_199	27	73357	86316
	pVA1046_199	-5	86316	87136
	pVA1046_199	28	87136	111508
	pVA1046_199	9	111508	116919
	pVA1046_199	29	116919	120432
	pVA1046_199	10	120432	122186
	pVA1046_199	30	122186	123161
	pVA1046_199	11	123161	133683
	pVA1046_199	12	133673	134039
	pVA1046_199	31	134039	135887
	pVA1046_199	13	135887	144509
	pVA1046_199	32	144509	144899
	pVA1046_199	14	144899	152048
	pVA1046_199	33	152048	152646
	pVA1046_199	15	152646	153395
	pVA1046_199	34	153395	153934
	pVA1046_199	16	153934	157375
	pVA1046_199	35	157375	160119
	pVA1046_199	17	160119	167187
	pVA1046_199	36	167187	176957
	pVA1046_199	18	176957	188010
	pVA1046_199	37	188010	192455
	pVA1046_199	19	192455	193222
	pVA1046_199	38	193222	195684
	pVA1046_199	20	195684	199032
	pVA2817_210	1	1	50861
	pVA2817_210	40	50861	51133
	pVA2817_210	2	51133	52861
	pVA2817_210	41	52861	73115
	pVA2817_210	-6	73115	73937
	pVA2817_210	42	73937	77455
	pVA2817_210	-3	77455	78284
	pVA2817_210	43	78284	86280
	pVA2817_210	-5	86280	87100
	pVA2817_210	44	87100	91321
	pVA2817_210	8	91321	92091
	pVA2817_210	45	92091	115274
	pVA2817_210	-7	115274	116458
	pVA2817_210	46	116458	132044
	pVA2817_210	-4	132044	132404
	pVA2817_210	9	132594	138005
	pVA2817_210	47	138005	149444
	pVA2817_210	10	149444	151203
	pVA2817_210	48	151203	152206
	pVA2817_210	11	152206	162732
	pVA2817_210	49	162732	163788
	pVA2817_210	12	163788	164153
	pVA2817_210	50	164153	165873
	pVA2817_210	13	165873	174495
	pVA2817_210	14	174613	181698
	pVA2817_210	15	181759	182508
	pVA2817_210	16	182508	185949
	pVA2817_210	19	185984	186753
	pVA2817_210	17	186754	193827
	pVA2817_210	18	193827	204853
	pVA2817_210	51	204853	206774
	pVA2817_210	20	206774	210423
pVA1046_199~pVA418_180	pVA1046_199	1	1	6710
	pVA1046_199	2	6715	50862
	pVA1046_199	14	50862	51119
	pVA1046_199	3	51119	52847
	pVA1046_199	15	52847	57361
	pVA1046_199	4	57361	58055
	pVA1046_199	16	58055	64114
	pVA1046_199	5	64114	65864
	pVA1046_199	17	65864	117747
	pVA1046_199	6	117747	119614
	pVA1046_199	18	119614	120140
	pVA1046_199	7	120140	122333
	pVA1046_199	19	122333	123161
	pVA1046_199	8	123161	132309
	pVA1046_199	20	132309	132960
	pVA1046_199	9	132960	134039
	pVA1046_199	21	134039	135917
	pVA1046_199	10	135917	161215
	pVA1046_199	11	161215	161996
	pVA1046_199	22	161996	177784
	pVA1046_199	11	177784	178566
	pVA1046_199	12	178566	195655
	pVA1046_199	23	195655	196055
	pVA1046_199	13	196055	199032
	pVA418_180	1	1	6710
	pVA418_180	25	6710	7915
	pVA418_180	2	7915	52068
	pVA418_180	26	52068	52340
	pVA418_180	3	52340	54068
	pVA418_180	27	54068	100758
	pVA418_180	-5	100758	102426
	pVA418_180	28	102426	115950
	pVA418_180	-4	115950	116645
	pVA418_180	6	116653	118518
	pVA418_180	29	118518	119065
	pVA418_180	7	119065	121262
	pVA418_180	30	121262	122116
	pVA418_180	8	122116	131261
	pVA418_180	9	131263	132339
	pVA418_180	31	132339	134090
	pVA418_180	10	134090	159387
	pVA418_180	11	159387	160168
	pVA418_180	12	160168	177256
	pVA418_180	13	177441	180418
pVA1046_199~pVA527_214	pVA1046_199	1	1	2500
	pVA1046_199	2	2508	50862
	pVA1046_199	15	50862	51119
	pVA1046_199	3	51119	52847
	pVA1046_199	16	52847	56532
	pVA1046_199	4	56532	58048
	pVA1046_199	5	58149	58647
	pVA1046_199	17	58647	66684
	pVA1046_199	6	66684	72583
	pVA1046_199	18	72583	73365
	pVA1046_199	7	73365	74834
	pVA1046_199	19	74834	77089
	pVA1046_199	8	77089	79882
	pVA1046_199	20	79882	83310
	pVA1046_199	9	83310	84130
	pVA1046_199	21	84130	109448
	pVA1046_199	10	109448	134039
	pVA1046_199	22	134039	135917
	pVA1046_199	11	135917	161215
	pVA1046_199	12	161215	161996
	pVA1046_199	23	161996	177784
	pVA1046_199	12	177784	178566
	pVA1046_199	13	178566	186017
	pVA1046_199	14	186009	199032
	pVA527_214	1	1	2500
	pVA527_214	25	2500	3832
	pVA527_214	2	3832	52192
	pVA527_214	26	52192	52464
	pVA527_214	3	52464	54192
	pVA527_214	27	54192	81075
	pVA527_214	-5	81075	81573
	pVA527_214	28	81573	126577
	pVA527_214	4	126577	128093
	pVA527_214	29	128093	128851
	pVA527_214	6	128851	134750
	pVA527_214	7	134758	136227
	pVA527_214	-8	136235	139028
	pVA527_214	-9	139029	139849
	pVA527_214	10	139849	164420
	pVA527_214	30	164420	166286
	pVA527_214	11	166286	191583
	pVA527_214	12	191583	192364
	pVA527_214	13	192364	199815
	pVA527_214	31	199815	201131
	pVA527_214	14	201131	214239
pVA1046_199~pVA544_3	pVA1046_199	2	1	76315
	pVA1046_199	1	76315	76649
	pVA1046_199	3	76649	199032
	pVA544_3	-1	1	335
pVA1046_199~pVA754_184	pVA1046_199	1	1	3464
	pVA1046_199	34	3464	4886
	pVA1046_199	2	4886	5943
	pVA1046_199	35	5943	7228
	pVA1046_199	3	7228	31204
	pVA1046_199	4	31208	50862
	pVA1046_199	36	50862	51119
	pVA1046_199	5	51119	52847
	pVA1046_199	37	52847	56617
	pVA1046_199	6	56617	57358
	pVA1046_199	38	57358	57700
	pVA1046_199	7	57700	58055
	pVA1046_199	39	58055	69108
	pVA1046_199	8	69108	69934
	pVA1046_199	40	69934	74833
	pVA1046_199	9	74833	75662
	pVA1046_199	41	75662	79890
	pVA1046_199	10	79890	83310
	pVA1046_199	11	83310	84130
	pVA1046_199	12	84130	86316
	pVA1046_199	-11	86316	87136
	pVA1046_199	13	87136	88691
	pVA1046_199	42	88691	93854
	pVA1046_199	14	93854	95854
	pVA1046_199	43	95854	101623
	pVA1046_199	15	101623	102979
	pVA1046_199	44	102979	103911
	pVA1046_199	16	103911	104917
	pVA1046_199	45	104917	109456
	pVA1046_199	17	109456	111508
	pVA1046_199	18	111509	112330
	pVA1046_199	46	112330	116919
	pVA1046_199	19	116919	117747
	pVA1046_199	47	117747	119312
	pVA1046_199	20	119312	119623
	pVA1046_199	48	119623	120052
	pVA1046_199	21	120052	120745
	pVA1046_199	49	120745	123161
	pVA1046_199	22	123161	129277
	pVA1046_199	50	129277	129611
	pVA1046_199	23	129611	132311
	pVA1046_199	51	132311	132999
	pVA1046_199	24	132999	134039
	pVA1046_199	52	134039	135917
	pVA1046_199	25	135917	138981
	pVA1046_199	53	138981	139546
	pVA1046_199	26	139546	141430
	pVA1046_199	54	141430	141762
	pVA1046_199	27	141762	144509
	pVA1046_199	55	144509	144899
	pVA1046_199	28	144899	145804
	pVA1046_199	56	145804	146321
	pVA1046_199	29	146321	150479
	pVA1046_199	57	150479	150895
	pVA1046_199	30	150895	157375
	pVA1046_199	58	157375	159362
	pVA1046_199	31	159362	167250
	pVA1046_199	59	167250	172677
	pVA1046_199	32	172677	188010
	pVA1046_199	60	188010	195655
	pVA1046_199	33	195655	199032
	pVA754_184	1	1	3463
	pVA754_184	62	3463	4659
	pVA754_184	3	4659	28635
	pVA754_184	63	28635	29839
	pVA754_184	4	29839	49493
	pVA754_184	64	49493	49765
	pVA754_184	5	49765	51493
	pVA754_184	65	51493	71749
	pVA754_184	19	71749	72577
	pVA754_184	66	72577	73794
	pVA754_184	6	73794	74535
	pVA754_184	67	74535	75566
	pVA754_184	8	75566	76392
	pVA754_184	68	76392	79622
	pVA754_184	-16	79622	80628
	pVA754_184	69	80628	85721
	pVA754_184	-15	85721	87077
	pVA754_184	-18	87133	87954
	pVA754_184	-14	87955	89955
	pVA754_184	-9	89955	90786
	pVA754_184	70	90786	92485
	pVA754_184	-17	92485	94537
	pVA754_184	10	94545	97965
	pVA754_184	11	97965	98785
	pVA754_184	-12	98785	100971
	pVA754_184	-11	100971	101791
	pVA754_184	13	101791	103346
	pVA754_184	71	103346	104458
	pVA754_184	2	104458	105516
	pVA754_184	72	105516	112598
	pVA754_184	-7	112598	112953
	pVA754_184	73	112953	114221
	pVA754_184	20	114221	114537
	pVA754_184	74	114537	115160
	pVA754_184	21	115160	115854
	pVA754_184	75	115854	120054
	pVA754_184	22	120054	126172
	pVA754_184	76	126172	126506
	pVA754_184	23	126506	129206
	pVA754_184	24	129245	130284
	pVA754_184	77	130284	132035
	pVA754_184	25	132035	135099
	pVA754_184	78	135099	135611
	pVA754_184	26	135611	137495
	pVA754_184	79	137495	137798
	pVA754_184	27	137798	140534
	pVA754_184	28	140652	141557
	pVA754_184	29	141646	145804
	pVA754_184	80	145804	146075
	pVA754_184	30	146075	152547
	pVA754_184	81	152547	155716
	pVA754_184	31	155716	163609
	pVA754_184	32	163614	178921
	pVA754_184	82	178921	181157
	pVA754_184	33	181157	184491
